%YAML:1.0
---
aruco_bc_dict: ARUCO_MIP_36h12
aruco_bc_nmarkers: 20
aruco_bc_mInfoType: 0
aruco_bc_markers:
   - { id:161, corners:[ [ -1000., -750., 0. ], [ -500., -750., 0. ], [
       -500., -1250., 0. ], [ -1000., -1250., 0. ] ] }
   - { id:227, corners:[ [ -400., -750., 0. ], [ 100., -750., 0. ], [
       100., -1250., 0. ], [ -400., -1250., 0. ] ] }
   - { id:85, corners:[ [ 200., -750., 0. ], [ 700., -750., 0. ], [ 700.,
       -1250., 0. ], [ 200., -1250., 0. ] ] }
   - { id:166, corners:[ [ 800., -750., 0. ], [ 1300., -750., 0. ], [
       1300., -1250., 0. ], [ 800., -1250., 0. ] ] }
   - { id:244, corners:[ [ -1000., -150., 0. ], [ -500., -150., 0. ], [
       -500., -650., 0. ], [ -1000., -650., 0. ] ] }
   - { id:144, corners:[ [ -400., -150., 0. ], [ 100., -150., 0. ], [
       100., -650., 0. ], [ -400., -650., 0. ] ] }
   - { id:90, corners:[ [ 200., -150., 0. ], [ 700., -150., 0. ], [ 700.,
       -650., 0. ], [ 200., -650., 0. ] ] }
   - { id:214, corners:[ [ 800., -150., 0. ], [ 1300., -150., 0. ], [
       1300., -650., 0. ], [ 800., -650., 0. ] ] }
   - { id:153, corners:[ [ -1000., 450., 0. ], [ -500., 450., 0. ], [
       -500., -50., 0. ], [ -1000., -50., 0. ] ] }
   - { id:7, corners:[ [ -400., 450., 0. ], [ 100., 450., 0. ], [ 100.,
       -50., 0. ], [ -400., -50., 0. ] ] }
   - { id:143, corners:[ [ 200., 450., 0. ], [ 700., 450., 0. ], [ 700.,
       -50., 0. ], [ 200., -50., 0. ] ] }
   - { id:219, corners:[ [ 800., 450., 0. ], [ 1300., 450., 0. ], [
       1300., -50., 0. ], [ 800., -50., 0. ] ] }
   - { id:78, corners:[ [ -1000., 1050., 0. ], [ -500., 1050., 0. ], [
       -500., 550., 0. ], [ -1000., 550., 0. ] ] }
   - { id:159, corners:[ [ -400., 1050., 0. ], [ 100., 1050., 0. ], [
       100., 550., 0. ], [ -400., 550., 0. ] ] }
   - { id:209, corners:[ [ 200., 1050., 0. ], [ 700., 1050., 0. ], [
       700., 550., 0. ], [ 200., 550., 0. ] ] }
   - { id:13, corners:[ [ 800., 1050., 0. ], [ 1300., 1050., 0. ], [
       1300., 550., 0. ], [ 800., 550., 0. ] ] }
   - { id:247, corners:[ [ -1000., 1650., 0. ], [ -500., 1650., 0. ], [
       -500., 1150., 0. ], [ -1000., 1150., 0. ] ] }
   - { id:237, corners:[ [ -400., 1650., 0. ], [ 100., 1650., 0. ], [
       100., 1150., 0. ], [ -400., 1150., 0. ] ] }
   - { id:100, corners:[ [ 200., 1650., 0. ], [ 700., 1650., 0. ], [
       700., 1150., 0. ], [ 200., 1150., 0. ] ] }
   - { id:6, corners:[ [ 800., 1650., 0. ], [ 1300., 1650., 0. ], [
       1300., 1150., 0. ], [ 800., 1150., 0. ] ] }
