%YAML:1.0
---
aruco_bc_dict: ARUCO_MIP_36h12
aruco_bc_nmarkers: 54
aruco_bc_mInfoType: 0
aruco_bc_markers:
   - { id:161, corners:[ [ -1500., -1750., 0. ], [ -1000., -1750., 0. ],
       [ -1000., -2250., 0. ], [ -1500., -2250., 0. ] ] }
   - { id:227, corners:[ [ -900., -1750., 0. ], [ -400., -1750., 0. ], [
       -400., -2250., 0. ], [ -900., -2250., 0. ] ] }
   - { id:85, corners:[ [ -300., -1750., 0. ], [ 200., -1750., 0. ], [
       200., -2250., 0. ], [ -300., -2250., 0. ] ] }
   - { id:166, corners:[ [ 300., -1750., 0. ], [ 800., -1750., 0. ], [
       800., -2250., 0. ], [ 300., -2250., 0. ] ] }
   - { id:244, corners:[ [ 900., -1750., 0. ], [ 1400., -1750., 0. ], [
       1400., -2250., 0. ], [ 900., -2250., 0. ] ] }
   - { id:144, corners:[ [ 1500., -1750., 0. ], [ 2000., -1750., 0. ], [
       2000., -2250., 0. ], [ 1500., -2250., 0. ] ] }
   - { id:90, corners:[ [ -1500., -1150., 0. ], [ -1000., -1150., 0. ],
       [ -1000., -1650., 0. ], [ -1500., -1650., 0. ] ] }
   - { id:214, corners:[ [ -900., -1150., 0. ], [ -400., -1150., 0. ], [
       -400., -1650., 0. ], [ -900., -1650., 0. ] ] }
   - { id:153, corners:[ [ -300., -1150., 0. ], [ 200., -1150., 0. ], [
       200., -1650., 0. ], [ -300., -1650., 0. ] ] }
   - { id:7, corners:[ [ 300., -1150., 0. ], [ 800., -1150., 0. ], [
       800., -1650., 0. ], [ 300., -1650., 0. ] ] }
   - { id:143, corners:[ [ 900., -1150., 0. ], [ 1400., -1150., 0. ], [
       1400., -1650., 0. ], [ 900., -1650., 0. ] ] }
   - { id:219, corners:[ [ 1500., -1150., 0. ], [ 2000., -1150., 0. ], [
       2000., -1650., 0. ], [ 1500., -1650., 0. ] ] }
   - { id:78, corners:[ [ -1500., -550., 0. ], [ -1000., -550., 0. ], [
       -1000., -1050., 0. ], [ -1500., -1050., 0. ] ] }
   - { id:159, corners:[ [ -900., -550., 0. ], [ -400., -550., 0. ], [
       -400., -1050., 0. ], [ -900., -1050., 0. ] ] }
   - { id:209, corners:[ [ -300., -550., 0. ], [ 200., -550., 0. ], [
       200., -1050., 0. ], [ -300., -1050., 0. ] ] }
   - { id:13, corners:[ [ 300., -550., 0. ], [ 800., -550., 0. ], [ 800.,
       -1050., 0. ], [ 300., -1050., 0. ] ] }
   - { id:247, corners:[ [ 900., -550., 0. ], [ 1400., -550., 0. ], [
       1400., -1050., 0. ], [ 900., -1050., 0. ] ] }
   - { id:237, corners:[ [ 1500., -550., 0. ], [ 2000., -550., 0. ], [
       2000., -1050., 0. ], [ 1500., -1050., 0. ] ] }
   - { id:100, corners:[ [ -1500., 50., 0. ], [ -1000., 50., 0. ], [
       -1000., -450., 0. ], [ -1500., -450., 0. ] ] }
   - { id:6, corners:[ [ -900., 50., 0. ], [ -400., 50., 0. ], [ -400.,
       -450., 0. ], [ -900., -450., 0. ] ] }
   - { id:177, corners:[ [ -300., 50., 0. ], [ 200., 50., 0. ], [ 200.,
       -450., 0. ], [ -300., -450., 0. ] ] }
   - { id:93, corners:[ [ 300., 50., 0. ], [ 800., 50., 0. ], [ 800.,
       -450., 0. ], [ 300., -450., 0. ] ] }
   - { id:86, corners:[ [ 900., 50., 0. ], [ 1400., 50., 0. ], [ 1400.,
       -450., 0. ], [ 900., -450., 0. ] ] }
   - { id:229, corners:[ [ 1500., 50., 0. ], [ 2000., 50., 0. ], [ 2000.,
       -450., 0. ], [ 1500., -450., 0. ] ] }
   - { id:226, corners:[ [ -1500., 650., 0. ], [ -1000., 650., 0. ], [
       -1000., 150., 0. ], [ -1500., 150., 0. ] ] }
   - { id:12, corners:[ [ -900., 650., 0. ], [ -400., 650., 0. ], [
       -400., 150., 0. ], [ -900., 150., 0. ] ] }
   - { id:198, corners:[ [ -300., 650., 0. ], [ 200., 650., 0. ], [ 200.,
       150., 0. ], [ -300., 150., 0. ] ] }
   - { id:115, corners:[ [ 300., 650., 0. ], [ 800., 650., 0. ], [ 800.,
       150., 0. ], [ 300., 150., 0. ] ] }
   - { id:171, corners:[ [ 900., 650., 0. ], [ 1400., 650., 0. ], [
       1400., 150., 0. ], [ 900., 150., 0. ] ] }
   - { id:168, corners:[ [ 1500., 650., 0. ], [ 2000., 650., 0. ], [
       2000., 150., 0. ], [ 1500., 150., 0. ] ] }
   - { id:11, corners:[ [ -1500., 1250., 0. ], [ -1000., 1250., 0. ], [
       -1000., 750., 0. ], [ -1500., 750., 0. ] ] }
   - { id:249, corners:[ [ -900., 1250., 0. ], [ -400., 1250., 0. ], [
       -400., 750., 0. ], [ -900., 750., 0. ] ] }
   - { id:110, corners:[ [ -300., 1250., 0. ], [ 200., 1250., 0. ], [
       200., 750., 0. ], [ -300., 750., 0. ] ] }
   - { id:132, corners:[ [ 300., 1250., 0. ], [ 800., 1250., 0. ], [
       800., 750., 0. ], [ 300., 750., 0. ] ] }
   - { id:154, corners:[ [ 900., 1250., 0. ], [ 1400., 1250., 0. ], [
       1400., 750., 0. ], [ 900., 750., 0. ] ] }
   - { id:77, corners:[ [ 1500., 1250., 0. ], [ 2000., 1250., 0. ], [
       2000., 750., 0. ], [ 1500., 750., 0. ] ] }
   - { id:83, corners:[ [ -1500., 1850., 0. ], [ -1000., 1850., 0. ], [
       -1000., 1350., 0. ], [ -1500., 1350., 0. ] ] }
   - { id:129, corners:[ [ -900., 1850., 0. ], [ -400., 1850., 0. ], [
       -400., 1350., 0. ], [ -900., 1350., 0. ] ] }
   - { id:120, corners:[ [ -300., 1850., 0. ], [ 200., 1850., 0. ], [
       200., 1350., 0. ], [ -300., 1350., 0. ] ] }
   - { id:87, corners:[ [ 300., 1850., 0. ], [ 800., 1850., 0. ], [ 800.,
       1350., 0. ], [ 300., 1350., 0. ] ] }
   - { id:201, corners:[ [ 900., 1850., 0. ], [ 1400., 1850., 0. ], [
       1400., 1350., 0. ], [ 900., 1350., 0. ] ] }
   - { id:245, corners:[ [ 1500., 1850., 0. ], [ 2000., 1850., 0. ], [
       2000., 1350., 0. ], [ 1500., 1350., 0. ] ] }
   - { id:19, corners:[ [ -1500., 2450., 0. ], [ -1000., 2450., 0. ], [
       -1000., 1950., 0. ], [ -1500., 1950., 0. ] ] }
   - { id:23, corners:[ [ -900., 2450., 0. ], [ -400., 2450., 0. ], [
       -400., 1950., 0. ], [ -900., 1950., 0. ] ] }
   - { id:178, corners:[ [ -300., 2450., 0. ], [ 200., 2450., 0. ], [
       200., 1950., 0. ], [ -300., 1950., 0. ] ] }
   - { id:217, corners:[ [ 300., 2450., 0. ], [ 800., 2450., 0. ], [
       800., 1950., 0. ], [ 300., 1950., 0. ] ] }
   - { id:130, corners:[ [ 900., 2450., 0. ], [ 1400., 2450., 0. ], [
       1400., 1950., 0. ], [ 900., 1950., 0. ] ] }
   - { id:230, corners:[ [ 1500., 2450., 0. ], [ 2000., 2450., 0. ], [
       2000., 1950., 0. ], [ 1500., 1950., 0. ] ] }
   - { id:145, corners:[ [ -1500., 3050., 0. ], [ -1000., 3050., 0. ], [
       -1000., 2550., 0. ], [ -1500., 2550., 0. ] ] }
   - { id:223, corners:[ [ -900., 3050., 0. ], [ -400., 3050., 0. ], [
       -400., 2550., 0. ], [ -900., 2550., 0. ] ] }
   - { id:124, corners:[ [ -300., 3050., 0. ], [ 200., 3050., 0. ], [
       200., 2550., 0. ], [ -300., 2550., 0. ] ] }
   - { id:99, corners:[ [ 300., 3050., 0. ], [ 800., 3050., 0. ], [ 800.,
       2550., 0. ], [ 300., 2550., 0. ] ] }
   - { id:73, corners:[ [ 900., 3050., 0. ], [ 1400., 3050., 0. ], [
       1400., 2550., 0. ], [ 900., 2550., 0. ] ] }
   - { id:103, corners:[ [ 1500., 3050., 0. ], [ 2000., 3050., 0. ], [
       2000., 2550., 0. ], [ 1500., 2550., 0. ] ] }
