%YAML:1.0
---
M: !!opencv-matrix
   rows: 3
   cols: 3
   dt: d
   data: [ 8.1316832602452416e+02, 0., 3.1951149111976218e+02, 0.,
       8.0603280368225148e+02, 2.5292886366081311e+02, 0., 0., 1. ]
D: !!opencv-matrix
   rows: 1
   cols: 4
   dt: d
   data: [ 1.0375477805857951e-01, -1.1587935695484151e+00, 0., 0. ]
R:
   - !!opencv-matrix
      rows: 3
      cols: 1
      dt: d
      data: [ -1.7247249026490868e-02, 1.2498276114940832e-01,
          3.1310646773547433e+00 ]
   - !!opencv-matrix
      rows: 3
      cols: 1
      dt: d
      data: [ 4.5379096483943326e-01, 1.6154255332921905e-01,
          3.0416203897737777e+00 ]
   - !!opencv-matrix
      rows: 3
      cols: 1
      dt: d
      data: [ -4.5280841051276960e-01, 2.0178607370545287e-01,
          3.0781855671693554e+00 ]
   - !!opencv-matrix
      rows: 3
      cols: 1
      dt: d
      data: [ 3.7220104489651867e-01, -1.0041091318686937e+00,
          -2.8515340247282985e+00 ]
   - !!opencv-matrix
      rows: 3
      cols: 1
      dt: d
      data: [ -4.2776475146638926e-01, 9.0911141618592839e-01,
          2.8951733290667789e+00 ]
   - !!opencv-matrix
      rows: 3
      cols: 1
      dt: d
      data: [ -5.1145517058716317e-01, 6.4517990236853173e-01,
          2.8752156953716437e+00 ]
   - !!opencv-matrix
      rows: 3
      cols: 1
      dt: d
      data: [ -7.3653220924871565e-01, -4.1439321684874608e-01,
          -2.9902637955988776e+00 ]
   - !!opencv-matrix
      rows: 3
      cols: 1
      dt: d
      data: [ -6.5725657103352644e-03, 7.7833146999332203e-01,
          -3.0302546450806220e+00 ]
   - !!opencv-matrix
      rows: 3
      cols: 1
      dt: d
      data: [ -2.6413487595944191e-01, -4.4327296864313648e-01,
          -3.0126520292291006e+00 ]
   - !!opencv-matrix
      rows: 3
      cols: 1
      dt: d
      data: [ -6.5645147020736774e-02, -1.1899840068452405e+00,
          2.8935160911232454e+00 ]
   - !!opencv-matrix
      rows: 3
      cols: 1
      dt: d
      data: [ -1.8223863052481271e-01, 5.9619990995193406e-01,
          -2.7613577036742907e+00 ]
   - !!opencv-matrix
      rows: 3
      cols: 1
      dt: d
      data: [ 3.6264725763050377e-02, -6.8809465861005864e-02,
          2.5057875701596060e+00 ]
   - !!opencv-matrix
      rows: 3
      cols: 1
      dt: d
      data: [ -3.4266753038971209e-01, 4.3594282377353716e-01,
          -2.9227826495103066e+00 ]
   - !!opencv-matrix
      rows: 3
      cols: 1
      dt: d
      data: [ -8.1520120225822290e-01, -9.1622608171489928e-01,
          -2.6557781306258845e+00 ]
   - !!opencv-matrix
      rows: 3
      cols: 1
      dt: d
      data: [ 2.4255111543539959e-01, -7.0499988854080020e-01,
          -2.7542005989397822e+00 ]
   - !!opencv-matrix
      rows: 3
      cols: 1
      dt: d
      data: [ 6.7202556458885876e-01, 8.5845504842056108e-01,
          2.7874038371903009e+00 ]
   - !!opencv-matrix
      rows: 3
      cols: 1
      dt: d
      data: [ -3.9329523284037099e-01, 9.9768162304105068e-01,
          -2.8649193884930848e+00 ]
   - !!opencv-matrix
      rows: 3
      cols: 1
      dt: d
      data: [ -5.4671416434988485e-01, -4.0902342325588209e-01,
          -2.6059515486250406e+00 ]
   - !!opencv-matrix
      rows: 3
      cols: 1
      dt: d
      data: [ 2.2383112886278325e-01, 2.9888841403959926e-01,
          3.1102747068119738e+00 ]
   - !!opencv-matrix
      rows: 3
      cols: 1
      dt: d
      data: [ -8.3936286169566965e-01, -1.4489610963798150e-01,
          -2.9929140966744288e+00 ]
   - !!opencv-matrix
      rows: 3
      cols: 1
      dt: d
      data: [ 5.9049439558458894e-01, -1.0852285007708180e-01,
          -3.0087333132126397e+00 ]
   - !!opencv-matrix
      rows: 3
      cols: 1
      dt: d
      data: [ 1.4626438951507051e-01, 9.5048316477399941e-01,
          2.9546381710297736e+00 ]
   - !!opencv-matrix
      rows: 3
      cols: 1
      dt: d
      data: [ -8.9971180559644459e-01, -8.9131812741376759e-01,
          -2.7280904909756920e+00 ]
   - !!opencv-matrix
      rows: 3
      cols: 1
      dt: d
      data: [ -1.5176121380047678e-02, 7.9555446802510976e-01,
          -3.0239711953094721e+00 ]
   - !!opencv-matrix
      rows: 3
      cols: 1
      dt: d
      data: [ -3.7952797003347682e-01, -7.9301987401212226e-01,
          3.0109859359099298e+00 ]
